[1] "AUC:  1.000"
Lift:  NaN 8.04698 1
Precision:  NaN 1 0.1242702
Recall:  0 1 1NULL
$stats
         [,1]      [,2]      [,3]     [,4]   [,5]     [,6]     [,7]     [,8]
[1,] 2.110502 0.3392377 0.9831089 9.616314 7.5873 5.296655 5.085826 1.059836
[2,] 2.110502 0.3392377 0.9831089 9.616314 7.5873 5.296655 5.085826 1.059836
[3,] 2.110502 0.3392377 0.9831089 9.616314 7.5873 5.296655 5.085826 1.059836
[4,] 2.110502 0.3392377 0.9831089 9.616314 7.5873 5.296655 5.085826 1.059836
[5,] 2.110502 0.3392377 0.9831089 9.616314 7.5873 5.296655 5.085826 1.059836
         [,9]    [,10]    [,11]      [,12]    [,13]    [,14]    [,15]    [,16]
[1,] 3.636026 4.473947 8.666921 0.04889884 9.853587 8.953849 5.937697 2.241494
[2,] 3.636026 4.473947 8.666921 0.04889884 9.853587 8.953849 5.937697 2.241494
[3,] 3.636026 4.473947 8.666921 0.04889884 9.853587 8.953849 5.937697 2.241494
[4,] 3.636026 4.473947 8.666921 0.04889884 9.853587 8.953849 5.937697 2.241494
[5,] 3.636026 4.473947 8.666921 0.04889884 9.853587 8.953849 5.937697 2.241494
        [,17]    [,18]    [,19]
[1,] 6.269821 5.975331 9.714405
[2,] 6.269821 5.975331 9.714405
[3,] 6.269821 5.975331 9.714405
[4,] 6.269821 5.975331 9.714405
[5,] 6.269821 5.975331 9.714405

$n
 [1] 1 1 1 1 1 1 1 1 1 1 1 1 1 1 1 1 1 1 1

$conf
         [,1]      [,2]      [,3]     [,4]   [,5]     [,6]     [,7]     [,8]
[1,] 2.110502 0.3392377 0.9831089 9.616314 7.5873 5.296655 5.085826 1.059836
[2,] 2.110502 0.3392377 0.9831089 9.616314 7.5873 5.296655 5.085826 1.059836
         [,9]    [,10]    [,11]      [,12]    [,13]    [,14]    [,15]    [,16]
[1,] 3.636026 4.473947 8.666921 0.04889884 9.853587 8.953849 5.937697 2.241494
[2,] 3.636026 4.473947 8.666921 0.04889884 9.853587 8.953849 5.937697 2.241494
        [,17]    [,18]    [,19]
[1,] 6.269821 5.975331 9.714405
[2,] 6.269821 5.975331 9.714405

$out
numeric(0)

$group
numeric(0)

$names
 [1] "W0"  "W1"  "W2"  "W3"  "W4"  "W5"  "W6"  "W7"  "W8"  "W9"  "W10" "W11"
[13] "W12" "W13" "W14" "W15" "W16" "W17" "W18"

