custID    Actual   Predicted Confidence
100 0 1    0.5175320101445229
106 1 1    0.8613570716980478
109 1 1    0.9606620704963438
124 1 1    0.8551228542883917
153 1 1    0.8696265381507742
207 1 1    0.7706434532460371
216 1 1    0.7459144813924015
221 1 1    0.7603894687989263
222 1 1    0.8778861982360845
262 1 1    0.9459296470552194
271 1 1    0.5224215787974282
284 1 1    0.8518518126850091
297 1 1    0.9146140389258809
353 1 1    0.8910650182481323
421 1 1    0.7858538426828425
489 1 1    0.9378638139839997
514 1 1    0.748919680125152
535 1 1    0.9174998820719981
568 1 1    0.5231446495053003
633 1 1    0.8950361666203216
660 1 1    0.8786400102171129
688 1 1    0.7381197367675535
697 1 1    0.9620457966570742
746 1 1    0.5048804669305015
807 1 1    0.8857100710848533
808 1 1    0.9311135773556941
832 1 1    0.8631096091808602
852 1 1    0.9034552736227219
857 1 1    0.9039596355419934
892 1 1    0.7581969277154362
925 1 1    0.9826328667670498
952 1 1    0.7483132023765386
964 1 1    0.961456080485767
991 1 1    0.8511776956188666
995 1 1    0.7805541550176127
1071 1 1    0.899453288749857
1073 1 1    0.9464262041132688
1132 1 1    0.862587422818424
1138 1 1    0.8244700257181793
1143 1 1    0.5138133500168577
1156 1 1    0.9352425565677525
1159 1 1    0.7761921012252139
1243 1 1    0.8753352283077056
1264 1 1    0.9147601393524243
1310 1 1    0.7715367277652712
1354 1 1    0.8966699836558668
1377 1 1    0.9622339407032052
1440 1 1    0.7656028355407636
1445 1 1    0.7838914407934555
1455 1 1    0.7375157114132099
1465 1 1    0.7848679206221043
1476 1 1    0.9515463465716908
1499 1 1    0.8712982441989409
1504 1 1    0.5254614887912711
1529 1 1    0.9029706820687589
1581 1 1    0.9347474990005512
1584 1 1    0.7014056126213748
1585 1 1    0.8541077572566438
1586 1 1    0.8515027149880664
1591 1 1    0.8417774293271775
1615 1 1    0.8021926267669953
1620 1 1    0.7340840521876307
1657 1 1    0.7375256843958252
